-99.49779361236793
-92.93432002297106
-231.81672495442226
-102.81884554688149
-108.91411528061681
-186.86377810562993
-97.51955355744808
-107.19702822612716
-91.21598222985428
-93.56675011017111
-90.58297726663005
-81.90415133467017
-213.43293342036097
-112.93929130014487
-111.90513496144592
-199.3304800716983
-114.80700587259217
-96.08730333418326
-95.87472305508835
-106.3889531856617
-124.50720896650411
-106.76201354308799
-107.91513055363056
-154.23212964645276
-124.87142374183267
-93.94327314760199
-92.34811788497484
-111.41977990376108
-95.89904214619179
-114.9929994881778
-88.87046429117498
-102.05258968872317
-93.42347348170217
-102.78180259185973
-111.86665861879024
-126.34372341231543
-96.83477316601498
-112.75012766966675
-110.93532075302657
-95.8951121834218
-110.01091113981008
-120.2221471048048
-120.52787703029203
-123.42209665271584
-99.18880610146844
-91.1442663038237
-99.82243243979657
-99.21181019093423
-98.0470810965333
-95.46588276443102
-120.56430670449518
-117.55474455392964
-94.86500503303078
-139.71645489665897
-102.16951345251849
-106.27079122017425
-105.11683325500906
-102.31485756295024
-126.47031244912024
-94.29910543401508
-118.4690602631304
-144.10610664171034
-115.06004256547318
-132.14468754308643
-127.6236724947287
-96.90556107544455
-90.30855597194143
-105.71023324518973
-98.86613934548195
-111.93880402778514
-122.75040483095417
-90.82795183692832
-96.69088894015137
-115.1497617709043
-97.36910983838594
-108.4592285200506
-130.0273840469707
-114.4100376857291
-104.94937999139513
-111.45310913149967
-111.88138426943128
-95.02001414010304
-92.2316591077941
-101.10981325252874
-111.07481014587188
-99.9769713453122
-91.38943986801988
-165.2434135706583
-139.10447484125714
-123.05310346694267
-131.11946785532362
-104.87570513349914
-121.8230138007759
-116.56744934935512
-112.74106644892528
-134.89218877541427
-101.80892779088295
-97.74503384797622
-96.1815672518394
-107.4098086854256
-114.23548235975336
-126.8475865072986
-88.47242732137774
-119.82429612578132
-104.27057570088121
-93.74903322362583
-106.04688335946102
-94.57100354934045
-111.7961798418431
-104.04874907173141
-96.65650507321224
-119.8265527505806
-137.157621675912
-113.1848622467519
-106.3306616431456
-97.41766385045239
-103.8356464972489
-107.26818103638976
-94.73209591515655
-98.41870637752623
-111.03226423888182
-161.0225039705966
-121.31255476222928
-103.67839005310427
-106.86182364380686
-123.20791288490115
-118.82128958933141
-127.35527154050307
-123.96962159864063
-128.14816643484485
-109.26949237901735
-131.95337817125653
-141.05559002115535
-106.96524291754407
-121.76670943641906
-132.02534816356172
-105.98047180612654
-125.90059829740541
-96.9923151476179
-105.41893072566214
-116.0746469523287
-111.8674504388644
-132.1871855190576
-104.05629648742935
-104.80387751357283
-123.59143695891909
-102.05506443977384
-101.40074157657199
-101.89421108203476
-102.88151948026116
-106.93018551634916
-98.0786409754279
-114.80820941088483
-110.84966209570825
-158.9383676523784
-141.9136105749214
-130.22859502467054
-143.37408361805603
-127.89850720345441
-109.63432527871223
-104.62084256994787
-109.48250877098044
-103.7116084005469
-111.62168463195592
-113.76662825155567
-130.734988353
-110.78726222485095
-120.15528350963217
-105.79918183804345
-110.92994208367006
-97.5399437370663
-86.07318270278525
-90.04765803221252
-97.63672201270626
-83.61986171643846
-111.270690397006
-102.57664692581426
-77.62189859623976
-88.91664600025716
-117.49231958293382
-84.03092240423734
-105.8196627483856
-106.67104031785438
-80.8594410698035
-92.10681112869034
-95.88562512341308
-107.711053705287
-117.58692730108578
-99.59494657079411
-95.19624541111261
-96.15514497312125
-118.99080925108466
-88.9592207532594
-78.32923554222488
-87.39726238508075
-115.51665932389376
-88.80188771175177
-82.71300494636802
-99.57706279131342
-96.81309155828606
-84.49157496209736
-76.46467199172729
-86.34170818105866
-81.78498117639874
-105.8899065086776
-88.58118905082024
-81.64267004695913
-105.39177761285575
-96.25896089994058
-132.87558661630916
-88.48790315201009
-113.07539045483533
-100.89674999409448
-93.51156140070998
-100.50811697714428
-114.19059026830453
-82.65150924195927
-81.19888380654163
-96.93267238065611
-87.38273358008901
-106.74089300923217
-83.52106186233294
-77.19596899885333
-94.71478302412453
-83.56635819816546
-84.0418452734467
-114.92728044939278
-110.25327111514473
-134.3433413284209
-159.31278161476507
-145.13843003692503
-153.31623850578205
-161.35878052169406
-125.47033027636867
-155.14962467761563
-100.24867081095925
-125.55287623457396
-110.79155905675123
-109.79608875144207
-148.66190041446205
-87.05756965158359
-81.03412843180706
-110.25510080530769
-124.77784083728902
-133.92921134278637
-111.38708457729544
-111.56940127109269
-106.19399445884645
-146.00923015216756
-108.96308351272087
-125.11931489921861
-99.8372316692866
-83.10497131152668
-114.21316934133597
-129.9205366439308
-106.8830913154537
-101.99188781808503
-102.0047034339726
-121.00328042601215
-74.41151276064242
-84.5758061626715
-120.17619079381507
-93.56327701029488
-85.4922255198512
-103.0874608882943
-94.52449599170362
-82.84975860178055
-85.07362147236472
-84.64529922685423
-111.86791886034237
-77.5744897257885
-128.88135493694523
-92.11959896984095
-107.64726560201265
-85.02079673021046
-101.91137339505252
-70.36482888700729
-103.52810949075798
-81.31936301843582
-63.44389003179975
-111.19493792174859
-85.07024466192145
-75.7709765849624
-140.9402091073206
-84.419683558381
-77.09344064581852
-96.30744742723171
-86.30944377246712
-69.11230885522382
-91.2355575323176
-113.27075551611686
-80.61973053742932
-75.89835246598426
-69.47391081474903
-75.93438738748384
-75.29105923394643
-59.36359370240105
-103.5228766628278
-74.5610781284234
-82.27476168302596
-82.59921121113263
-63.93793308733117
-84.37509419868958
-130.7854088774561
-73.67234063504948
-115.69676847543475
-61.1648658334123
-87.29561463502749
-110.14069797015954
-70.31718486990849
-85.38723165612188
-104.99754014542984
-68.72177812796139
-73.97881259650167
-74.83069063247947
-95.28229835941049
-80.44450750713516
-92.94817143292003
-85.47968866072841
-79.67565171455422
-83.80786781646978
-77.9394407282067
-64.49622611855781
-115.99941391297747
-77.57821971887425
-83.50727516784274
-80.96188886972007
-88.33823212316756
-79.82060292442152
-85.21101104300335
-83.06016139864506
-88.29156399249298
-109.57817448732438
-78.28083992422545
-81.34374591642016
-79.80170013886105
-122.210376497632
-92.25454758473334
-99.43137635910401
-90.65862584921344
-85.33450597184623
-82.06582678532287
-88.55530867088957
-92.47188029478794
-92.01009346982705
-91.1633574776697
-87.1635683802515
-85.3633397824355
-96.19831013750415
-96.94691903380162
-89.61609790421484
-104.48198222451634
-114.3480158021699
-88.93741466793819
-91.1976685203275
-87.58856157588973
-81.4918612431691
-67.06795146947042
-68.27664129084962
-102.32528703818156
-76.04365332178097
-96.55180142355303
-90.62630132832003
-78.33636346951168
-72.08478854558143
-125.71273096842876
-100.22339474938553
-69.42557461664603
-75.98500380680814
-95.92118026384225
-93.62979268353824
-77.20981345831652
-72.33314129809169
-90.07389598489083
-75.11273879230131
-92.23253881190838
-76.60247203186988
-85.17126715208549
-93.4941884281633
-80.70271525541268
-78.39380619603865
-88.98493058490027
-96.29536249810837
-80.94218512267572
-92.52882331161358
-127.27657585235089
-121.18272165122862
-107.63858366109145
-79.71625562112672
-67.39575275061063
-121.60918058732453
-101.59311540456201
-74.90214297743766
-132.87090653539653
-98.81662336995898
-88.93327290886798
-69.2889634461105
-68.821134870502
-85.69045528911754
-98.44715339235587
-72.20840949222368
-87.02665573527825
-90.31162171666857
-97.15293937421932
-77.24420524685482
-69.77494013198547
-79.50810122895977
-78.34593890574128
-90.35766988018106
-86.34463437506594
-59.90274173168169
-65.9808066289582
-82.13307819481565
-70.25061566138915
-75.54967762397924
-51.35664597493995
-81.06326377628154
-108.82679037301838
-61.63392227168949
-64.48979251094752
-80.04319549391354
-71.58125918167588
-82.91878761535204
-65.43022354375746
-126.22201445305146
-72.17559213322852
-98.78103162543596
-120.1531541109289
-97.88400727021289
-74.82211206028157
-76.33936529127388
-103.9099028861238
-79.66694253053373
-97.75364931362577
-72.75157368356108
-73.87295238731828
-81.51754709209393
-83.89125627182702
-89.24672266893566
-89.22541825123753
-129.66734886949433
-66.68006680662648
-94.89718126960737
-63.78072445985185
-102.20340109021431
-72.23946537336101
-100.47598850636521
-63.1090712243575
-113.6124702774164
-64.93975510139173
-69.7938181015488
-62.822773421469414
-81.52941211082212
-64.06565813972901
-87.16506462192272
-64.16497906901341
-94.51472353852094
-99.7614959529887
-96.4775750362173
-74.70012343441839
-76.4221746798877
-91.92018244183004
-95.79726664140466
-80.97758480921259
-69.69199482287569
-69.54952609748713
-82.5990988396287
-71.2695363674388
-95.71967307482812
-72.71827877534022
-74.85856034998967
-71.16592374454864
-74.96482295878366
-87.76832709314053
-68.68085726535418
-82.32278091653484
-81.57403017158985
-77.31640934536405
-89.9705163003745
-110.03987782564114
-116.06269390938907
-109.41199834165116
-86.9204903662816
-85.66147722888311
-81.82415884892697
-87.17570467783422
-86.713498857254
-75.8884820637949
-72.85131002725322
-72.43047100171935
-84.52778570933869
-82.43175660046225
-75.01830382439475
-101.02587280676052
-85.10710859004317
-85.47062691214666
-101.73080039181558
-90.2459075374976
-76.45269388445784
-96.42270468456225
-89.79709849619086
-80.42036828031817
-93.07946981084122
-85.24993708739237
-83.50524394921969
-74.02367279360195
-78.92871971806396
-77.11990877392621
-81.99243598653196
-94.3964657775379
-101.19086448839838
-119.0938418423728
-104.04756084169092
-138.74813430362218
-114.71181408798645
-98.90671125744835
-134.00335311030037
-99.28633252994388
-186.51206331600213
-196.44732362064875
-98.94606717065241
-132.69934104950377
-82.62717995333658
-237.8683030548854
-91.0698537619306
-89.78666937659956
-106.30848937962921
-76.11871948671845
-90.28994157802664
-88.71865354145558
-86.96342348809631
-194.01451288093
-108.66061077947715
-91.8192493931239
-171.7263193998075
-241.6926991009093
-270.47253482905955
-176.60036182444264
-222.55269710051346
-104.91596200682451
-111.93589072160373
-111.65265260702581
-101.89491766809321
-108.0590619872436
-97.1720251777064
-115.54399073620465
-88.31929946109808
-52.06181870848193
-82.9185149840491
-95.94284010897962
-78.44532341393088
-97.90504538498779
-78.33646404422836
-80.03635032738858
-87.7344615598968
-134.36181728087806
-94.05614356776216
-89.73207006315886
-94.46802295500103
-95.8720565899651
-108.06647015652764
-123.83720507229818
-111.48725218430006
-95.73663327354078
-94.76218126755283
-99.94544425157484
-103.69087060807557
-106.65271361161543
-105.91302626957004
-95.71490316618974
-97.76510245898345
-79.37144957268175
-109.9387657199541
-98.79478754584102
-97.6406425192098
-109.34830200812499
-93.71538330380245
-106.56659679792354
-113.45201960748896
-105.51036489360332
-136.85228122698166
-100.9426395412948
-183.03466031487605
-79.13750043051265
-107.55723482556984
-99.52473974253334
-116.53551678046621
-95.26688858652587
-86.32577464836561
-60.10091634924545
-169.30776745531054
-67.74579872320014
-79.64942991010004
-169.1587728864779
-226.08913700053904
-226.64895398961437
-236.14403744003627
-84.60491311635454
-78.969393424852
-87.85604401636925
-92.34631458228854
-75.93836628959174
-68.96380814596185
-133.92669671686082
-90.76232156879922
-75.18536236447926
-119.71718246137675
-136.1611597882278
-114.25531715220559
-104.85223988057471
-109.99418167515431
-96.1746586627188
-86.44711635807064
-80.2299726367672
-85.68660496193635
-237.6823938495557
-101.35151528226268
-121.2295643718316
-138.4426834650478
-95.41915282994263
-133.56105275720978
-111.63512677938583
-81.7791533831478
-84.5954109001197
-99.63916085453963
-108.97198952184168
-121.83451998340477
-97.06053177093847
-82.2262436389411
-85.23112565687201
-71.75811154065744
-61.50189572634066
-87.91548743684424
-73.14296003194319
-97.17050472823284
-99.17208180484054
-85.7034043864249
-76.99876164255151
-136.23780653029687
-117.37133188918054
-140.5365057339294
-80.67445494203395
-83.3336198716703
-71.63707481064665
-82.49189979125374
-85.99046652196616
-79.20000966688956
-75.85717840514275
-80.622215685216
-74.07016330642476
-82.7862004792551
-77.73473043844287
-71.50867908321172
-86.0797533207547
-61.847199911457274
-72.58868363004699
-78.07802564022387
-55.89083705120646
-131.7934617157528
-92.24576581887791
-89.16722395296772
-94.38260437682546
-96.67171067129237
-88.8947134656069
-87.33267530393857
-90.90835973114977
-78.51003070515925
-95.39710502119362
-76.91189286023747
-100.63276422607527
-79.52883045790394
-74.4640479316191
-82.2658047595169
-75.43975438764951
-77.04226968698602
-64.10984403337689
-91.20587682351487
-94.94726701167181
-90.73877443888834
-71.29783351120005
-70.35627135414622
-82.009786920935
-74.96471111099913
-71.00478784088484
-75.3911608405256
-84.15070855625005
-71.69831386186006
-77.34267681905753
-75.21366384033735
-98.9492586286604
-66.98168231402666
-69.03163856423213
-90.22600670187975
-73.07916556520328
-72.99094051845334
-79.43423257258173
-81.90649964048599
-61.885575564597595
-74.2647756227776
-77.24341473120388
-94.95915981389984
-19.849434955789345
-272.5561316962962
-178.17809595024335
-91.07208499218859
-82.74777702574512
-88.00870405685966
-84.32616934743453
-102.91898190824483
-89.0708427834914
-40.49020929569337
-89.51441346767005
-99.31144513058061
-103.68559665781135
-93.86919689665407
-107.62906804878942
-95.83518672223539
-96.32749364119415
-95.65685057421591
-80.90485392524204
-121.57164789354884
-79.50056372558466
-95.84002058756367
-98.24065113109967
-87.32070358949709
-89.66128281988884
-98.81452660466886
-95.62002186626798
-95.25233245157882
-98.1330195464076
-100.30852195914566
-100.53925177658425
-102.0419954926025
-104.97817151335477
-105.96072163849253
-101.45702139680121
-106.22936307287185
-103.70187838224592
-108.38722256345437
-116.46055764929888
-105.6829426270363
-110.99739875420063
-106.22121483591073
-106.79321918714373
-108.08409344904686
-113.18120089695634
-104.38527182006074
-110.02323591221932
-116.7091543022678
-114.07811325557576
-115.29046504352624
-112.03870731977617
-108.84069232908799
-117.55828622994565
-108.1540480001088
-109.42486147495768
-110.52060695261818
-111.47600650018586
-120.206994747813
-121.9393326131097
-106.98400411598368
-110.58406165828322
-110.38462174284534
-113.7889623717989
-109.81859922512594
-107.73647867104076
-117.58297177678669
-130.8902401526174
-133.08792803864458
-127.70675355321245
-113.25657924578985
-109.11908479032678
-115.19759538293415
-114.76372724672014
-100.1834847900141
-104.37587371581931
-100.57663693680915
-266.7617834752474
-257.4995145032458
-137.65802279057868
-208.43438150935955
-226.7282705998033
-260.1163143945325
-200.31225662243176
-269.32392898718376
-99.64726848673104
-114.62395769409585
-107.82028936693526
-211.6762512757937
-106.81876608977173
-213.10786148142083
-94.12764169374366
-197.79523677043417
-133.77064445208111
-140.0992318725297
-148.96857338212908
-121.59814708574945
-123.58008135343816
-192.89190741447638
-151.05280093414638
-137.31738453184963
-107.33969361217927
-161.24087824420604
-109.78001353402247
-101.39725734300819
-108.42102205052694
-128.1082682548804
-131.7186658748846
-97.97882924345038
-100.54148098103157
-103.8003023349689
-102.43050510995717
-136.18927591192192
-90.4013434264032
-94.2180769896399
-129.56297746403885
-127.65417431856234
-108.0016257831905
-111.76574448571066
-102.81168151804476
-109.13545715136321
-104.65665164116905
-106.36873371248396
-99.85223758716991
-106.21549215975223
-92.21275957455371
-107.69768904049398
-104.489004610632
-106.92314813520821
-105.18054039597247
-100.41173438849695
-107.24705820468624
-106.24799726736565
-113.72202082880241
-102.85997552946274
-97.11414983960147
-98.84164305694986
-109.57664963051072
-98.9329466491876
-95.65807783979427
-98.18266827726
-101.41386516239757
-106.72790511815415
-105.21764978440558
-106.47410686356238
-102.73395573161635
-100.59412021534816
-106.18571418359392
-114.37564297193425
-110.76377101634576
-129.82935842441466
-108.94122704670464
-111.670113132631
-99.99195230399351
-92.15972816385685
-98.90347769227448
-97.88795050431244
-102.74486696958849
-105.0299327179476
-101.38759581531043
-102.66397874951045
-99.82891814876392
-98.03986217357472
-96.83004327155433
-87.39757568274337
-72.61133758864034
-67.77147206469785
-69.33365410213672
-72.11036728448254
-65.54526628897189
-65.09010992646903
-65.35546357519803
-66.62755926367107
-68.07968306692052
-66.08191709746322
-66.67917813494431
-65.18672308947626
-67.60504935584848
-65.58030157534192
-64.46157979511146
-65.4851387345169
-64.43967594101868
-64.7597910422299
-65.07853178808809
-64.23207298551289
-64.23938086401482
-64.0645471850753
-65.57432785613929
-63.95873534478423
-65.52951312471772
-65.30821774918891
-63.91669207441824
-64.00271290412103
-64.76643159490595
-64.00271290425542
-64.02243221458222
-63.93489256860123
-64.36257870908916
-66.71481024743534
-64.00271290435975
-64.23977585273956
-64.20219171241466
-63.96930698019144
-65.24583526289418
-65.7658040954565
-66.33051069259038
-66.83856342927479
-66.1912920823015
-68.4593857701144
-67.25337864510612
-74.30359940698648
-67.1833085381896
-68.16767509076156
-70.64532144584638
-84.40511060615069
-96.67543992767162
-105.78060804094574
-93.60070797100559
-93.78524210365924
-95.59888131039135
-87.50594373885923
-91.0955959442272
-93.47268439335073
-97.77248046238036
-78.82401097629159
-72.30783283567698
-70.2646497064155
-67.34251133954085
-75.28075012005604
-81.47152749144594
-88.80943306919475
-68.27840133831673
-74.83494465181411
-75.40438077734129
-88.76279717679154
-72.78350105504234
-73.1117091754543
-72.0781843331717
-67.4796025367749
-68.4194873697006
-72.22606927611432
-70.61791285708165
-69.80491872722558
-97.56280948740603
-71.26693234403324
-79.31652598244752
-67.62830312903898
-68.57839508593092
-71.73531540407122
-70.24710672360182
-88.62853229891567
-69.65038498987882
-67.84495743937136
-71.66224197868003
-68.89539238399381
-69.69945432964796
-72.4591009171076
-69.99549521554292
-66.2442684479937
-68.75142822283424
-66.76851867568045
-65.41517877978228
-70.7158024399789
-64.16236643670587
-67.48186367890862
-73.36533494081043
-73.55377989582239
-77.96475652771612
-82.11359773056536
-78.05664021168363
-71.14371308306204
-72.24976298632714
-82.3575052490888
-80.48731006556841
-73.93690082564638
-81.14051576820934
-83.4278492928618
-87.01157627489536
-89.29709728166898
-85.40809420917286
-84.4559987195727
-61.025496366318315
-96.92201302143405
-69.56614865805842
-95.3496573441054
-93.47480295006827
-81.89590216140064
-84.7074689085575
-74.54309197112434
-78.35049844446397
-77.5296801377833
-93.07449253192979
-117.38935628680868
-167.15829118893862
-152.45599752195704
-232.01854749431487
-105.0021398955685
-199.81848919763357
-76.53516209436552
-126.4624453984732
-128.25751468125694
-132.91393023449575
-111.47795183893457
-197.19318476806086
-177.22548849505773
-76.71826510222382
-206.3330672598745
-133.2917839259002
-108.22086343706535
-93.4652741907644
-92.50955589695681
-97.19964111019736
-117.14668052840048
-145.95188211138301
-98.01278101986317
-92.03274487700061
-97.73164363044927
-97.88230501117286
-93.99509023604682
-106.19303693063956
-108.0874623839331
-91.97912832812274
-111.7085792115395
-96.78158591458809
-160.59175868670567
-126.14625847866492
-106.00170902239533
-98.61589789856039
-105.1793026197817
-97.09800843278703
-119.15538865100439
-133.97925174922804
-90.88847122713746
-119.1737519429075
-130.02662847257332
-146.3002715552715
-85.70533895492125
-92.26089192351932
-88.55461367200813
-92.72603711978856
-116.20744731428032
-122.27687387460773
-98.42766416639415
-117.85448458242757
-97.21115690793661
-96.33175132219334
-115.8978614665086
-109.78976941233233
-106.71954279369477
-102.04319973150339
-104.92246775134623
-118.81119689244247
-127.53952081462943
-103.81035402826205
-115.47957496703819
-114.13734388615428
-108.02886432104765
-130.240033398352
-94.03989771666201
-104.02402695499683
-117.50807602032467
-92.89700166013532
-105.86823346021201
-101.76405748541625
-95.26283310304002
-104.42786863795794
-99.56652632207853
-98.56551921976119
-162.12443229955772
-169.48048548481268
-132.69529487780025
-138.39916537418094
-128.60970316628183
-128.7140227503932
-112.97510049672404
-108.29375669027839
-100.44513110245222
-96.64179614488289
-115.5468803257532
-97.50186533887131
-102.01152610906307
-96.47188282506691
-143.3859068415166
-104.38054442834462
-111.47061114133707
-103.43692611349438
-100.1123590262674
-149.15513359762784
-189.56257743618252
-195.53160717076594
-102.27243472320701
-136.49183121843924
-171.02120879537117
-101.14585709663893
-111.31716774953969
-124.37754781839632
-165.76943957761404
-101.26343564568565
-263.1777590524743
-233.72333498366288
-91.58683839628186
-86.9728291357432
-97.123019052756
-93.35712472086563
-214.26447673768553
-97.73691535633144
-87.5898654793047
-104.60300411863449
-104.43146541527265
-129.4688345711946
-234.63220949013692
-153.42956558082633
-230.81950878996628
-166.82021269765664
-105.5245385045274
-211.8925748458368
-209.549345854934
-132.41765529375178
-140.60080563963845
-194.22108460889194
-139.67175651104125
-142.27348680864063
-111.77115019014809
-115.53415064441846
-112.78896557183651
-129.67990444610302
-117.28921940837918
-146.9803886120309
-137.30061583388985
-100.97184078475566
-102.24512074216368
-107.50654816813099
-122.75404958533542
-132.9136097759098
-100.84654380544123
-110.37366466961251
-111.02753164728347
-132.65004412764344
-102.73962651663952
-92.76920851289944
-93.91823877478996
-100.8093364871805
-103.75528176689633
-94.57287336489357
-117.72344397826969
-107.54281872926776
-97.51228920076937
-119.00580474996862
-108.64800531759582
-122.13052978496636
-118.38096079501427
-117.65840684768722
-107.17785924391673
-125.21386888199582
-95.72275344196383
-74.13040914596426
-125.49599443403679
-123.460907115908
-106.47622441358118
-146.5243021102389
-129.1712225200979
-126.3993233866573
-86.71727900027602
-76.64026084543235
-105.96635231209267
-98.63184802052108
-100.6164439097998
-98.79794334394862
-101.11501834150137
-98.27292441935442
-81.85849445218136
-117.0109225647263
-105.84214098694216
-102.24748298319521
-101.4005536485076
-111.25963208788976
-95.28287642705193
-95.75283697093752
-81.87459632454946
-112.83448312558944
-84.5301594663984
-82.34287954515968
-79.85913464258341
-81.04423704535657
-105.78854433719061
-97.8377479883728
-81.87999580701974
-84.76031332280797
-101.62223848170028
-131.21173711231506
-104.03800432144479
-100.26843390117156
-96.09108430932817
-123.06533740728908
-125.76080931390402
-85.68724191472693
-104.41907977793694
-111.44386702200275
-90.87972380795722
-106.51077401124402
-96.79919602831168
-98.1361507010827
-111.32620258045198
-84.23545319039275
-87.01109605554933
-75.14468297026013
-65.94510456138725
-83.5743943186028
-103.54640131598761
-103.66646035672687
-99.81993939503757
-104.51453329385897
-78.77436895013565
-74.3665413633827
-73.56801918416552
-84.91765360885967
-88.22155616633212
-75.08816958886003
-80.01349008186439
-86.69615494350971
-82.72900582255957
-111.18683652613777
-86.55066780520542
-98.06222446455374
-18.65333865302377
-95.11901319473007
-93.84594164082833
-85.98708477214292
-85.8803661120583
-101.36920231020865
-93.87468127063212
-92.17609189400292
-106.76024357164484
-98.51365035226887
-90.22811150901623
-95.68225261001182
-103.65512179383849
-87.92269991659259
-74.67775364678005
-85.44911314173599
-94.42191723516724
-94.56563216384973
-88.82834380889545
-76.24431801437233
-77.11644517476435
-70.23348429717112
-70.61621364970571
-71.80243517006114
-69.46432877964033
-72.13210053451144
-78.39706790239778
-69.29301045647732
-73.10879727241603
-80.07057600042492
-75.32230907534311
-78.22233736363974
-73.94025149184277
-81.4561616564254
-81.61357764744899
-78.49341482314969
-80.76551230226099
-81.71045518833226
-80.17374535049076
-82.66325966981218
-83.38369790580492
-79.61706446175961
-78.46219444028853
-80.2533931863192
-82.76218069600145
-81.35751939655454
-77.71943559485992
-79.2306993503656
-78.94388473083123
-79.84539571098863
-87.10293660692699
-78.04866445766986
-75.5143418925486
-73.08019899020152
-78.27470422282953
-72.83274199166041
-78.44052435257657
-71.13250732335992
-77.58371154474919
-80.18708232838773
-78.95209542920803
-75.72640431269927
-80.81658149412087
-71.97229706251584
-82.90514831471135
-66.51152570473148
-70.70325593999414
-71.80402942840225
-72.52673202869731
-69.87751492397842
-69.3732831771547
-67.67419990062966
-75.38907102687774
-76.4840815835031
-83.9004684033366
-85.24593673401829
-74.82815879734824
-78.7208293190048
-71.36999013491662
-67.51573520284566
-73.66330470381956
-74.4081200810375
-84.73908735950164
-83.52909167455512
-77.36064491240234
-66.69823872859114
-69.75884861363085
-68.76875051355498
-76.07788527916432
-73.86590837818822
-76.34006031553608
-76.73870752591014
-71.45782814838725
-71.58817331438286
-65.8131674923336
-61.695688196129396
-69.6089871989071
-82.92413911816894
-77.3469200462531
-76.77268987912113
-87.73536897338221
-65.81620509040258
-65.63767035906145
-69.3338776461027
-67.45158705630843
-70.56219078931122
-76.49415304520772
-68.47774510802874
-65.46311287702117
-71.9475817345629
-76.59391257775476
-78.4912546019958
-78.0359319912633
-85.82649083905595
-104.78249033764902
-126.99607119560545
-156.88136770575963
-90.98716005777938
-101.69002549876691
-93.14414052124782
-100.5778046602335
-79.23924823995209
-85.27464230107084
-123.4859934147966
-84.64708763721373
-92.1935897119913
-116.08382610894652
-121.82460521395767
-116.98055695328753
-121.37144920696323
-120.54510389688997
-160.40296011243623
-196.45156150390463
-87.40494756859503
-191.3804567603247
-99.39620316510944
-185.49624854643693
-87.07191323615493
-90.08230602340694
-218.8092075808503
-158.46428547151314
-129.02500474003367
-142.09160056244806
-229.01106685102417
-182.81032945565036
-219.07767225446165
-97.44022766296496
-112.53944619790111
-98.97659100834062
-106.1932717663109
-90.82910426916462
-213.53067464245575
-88.59483877001298
-166.95067631469718
-99.41402440424226
-188.65816552486862
-103.72599999657564
-102.23274804800569
-105.0287738746732
-104.96214035177414
-103.73627012741836
-101.72178116360777
-98.89663123824182
-98.65365288444373
-135.13484407769775
-112.30973986774161
-127.54999996118578
-144.39784520539123
-129.3507629819686
-106.35903980584698
-99.07425147933422
-123.54590648798103
-112.16469236429941
-130.06165814584858
-125.2632708861753
-123.22513668559206
-121.82461888191513
-121.38333104143788
-120.58042934057521
-168.82369911933046
-145.5995697920283
-108.34495448907555
-145.64237664033132
-115.91642364984108
-129.53921228346806
-115.43381253420372
-130.911107483802
-127.04504368728841
-122.5117002366877
-125.22565477790614
-126.85518971957143
-139.58975469970812
-143.8483930467868
-117.5896872040801
-142.40132700468916
-138.91027403489375
-151.84007146219963
-119.07203512876238
-126.61502485288214
-129.468346829359
-141.88915609664383
-130.0398169938154
-120.26984737152758
-123.00437967422171
-130.29859784237001
-129.852966267539
-119.45540469455408
-136.51279404432555
-113.295393444956
-125.29878594440537
-95.43552580265913
-132.31552329546318
-111.03693432903611
-119.59334117140625
-148.11407674011247
-140.0756765919321
-143.73419329569666
-112.17409603313018
-147.99451450440455
-101.28095873776074
-115.62494736560411
-122.38948130131291
-119.19625307853634
-115.2389475212597
-112.46536247707633
-132.04216796713456
-147.47833546705564
-144.88453067608486
-126.27872085325758
-132.8936012683274
-127.31267395983446
-129.68764073812378
-130.23387889872095
-127.01988421685043
-124.82459056189295
-131.94122355654713
-125.62152655197178
-146.24764732297234
-133.81451847632104
-128.1538485225361
-124.67612522683473
-127.92353961459965
-129.09140629594592
-131.51192772635682
-130.1433975764546
-165.2404948377169
-164.6784998011011
-157.48211552521659
-132.5638896433341
-122.67446336031082
-139.37871171028533
-128.04611307823598
-127.57091758662415
-130.7957534830111
-141.1888166103508
-124.65082603791856
-125.13792725389517
-126.00598916749225
-130.41003227591634
-141.36506613541144
-155.6508396536461
-135.4574808580852
-126.8882073408542
-159.34166290544806
-125.57708947568659
-128.6413794423246
-126.28624383296368
-127.77022286107409
-123.01702627372758
-123.89865892691343
-120.88116111961195
-181.08823910387122
-125.9906057794807
-170.70769574340326
-133.72738750977908
-138.96769551156518
-174.6423828465719
-126.85550366082855
-190.9203096276209
-275.9936417810103
-211.01882991697795
-119.86419060460446
-147.10820866598382
-116.00178140813526
-121.6567089205424
-120.10831109088986
-117.84485665152695
-118.20909966631945
-126.86125737019606
-150.7501109209811
-108.56726050850806
-115.91128973225423
-111.95270251280628
-170.17922197416596
-114.20556126537319
-107.9148774142439
-138.0798359057463
-120.70109225806803
-103.33010418909731
-102.84823744026787
-122.48288565955583
-122.09975089228278
-139.7946934436524
-123.08776755514873
-122.6780536210057
-104.323256662616
-98.64160397877217
-115.03870811260737
-113.21601781470599
-107.62901260823811
-108.49538163469548
-108.79820943493208
-135.1467547880832
-101.21305430514181
-100.19377739800333
-115.93104250209386
-103.74997759925924
-94.89346740622825
-114.23673912705377
-136.3662817324297
-106.23169567856198
-125.54869408664457
-125.27904872263632
-125.65745203292826
-118.48014372138518
-115.49278361872753
-126.89307935871108
-112.053037149607
-102.48820059855855
-120.23662249559315
-124.06641035035686
-122.3831583103675
-123.08496215869653
-101.89109752103302
-109.63752107436498
-120.14709982005947
-98.76257149331502
-113.03124315578776
-139.07082686228827
-92.05139500530306
-101.44762990433102
-115.28820476248384
-93.05951131639178
-89.23489167818363
-101.73237575101858
-99.12788343185962
-110.23151382091952
-98.60571267352603
-96.85327864998284
-106.16497792879514
-101.29873283590565
-101.42271809759444
-90.6943339634514
-97.23589806185532
-99.61285531942627
-112.94985089796201
-158.68696259596908
-151.39096200338756
-152.59129332475996
-185.73523749583364
-142.9696184289753
-116.65326916550332
-175.58161549008003
-203.02945554786896
-180.1146667994932
-100.06129651183511
-103.4357137458366
-178.25592131877252
-125.37645565179035
-99.50392453664065
-103.68258932869456
-66.00750562112434
-89.9736943026998
-91.7988007363721
-120.57285753872019
-89.91211871624002
-102.95049511968088
-136.34967275104046
-69.33722000205421
-180.4698295899421
-127.33977255630604
-121.39694391575733
-102.39959628025673
-88.49853535330188
-140.18653646465467
-76.93275151497373
-116.11235321743864
-103.03205533537829
-121.45098014460947
-124.89488041940699
-127.00307278871409
-93.57355160309932
-80.849454465834
-107.97082254597653
-77.04643808890214
-82.57201519038117
-109.11927656146513
-109.95604070496834
-69.51434744019876
-100.62477487275761
-154.71761688282
-92.71912602511686
-85.9612893054856
-91.9559349209022
-92.05303768807981
-67.77387539696211
-68.67344006810261
-84.87787684026033
-75.2690699640623
-85.54495764402132
-90.3266803617337
-130.0446441370477
-112.50520955349963
-61.804838521521226
-79.71780308616954
-73.8513557079666
-91.42171577551098
-78.40259103145979
-81.85848819409469
-80.00269959904901
-75.13572125813873
-67.57404029709521
-89.45189973012094
-124.4109701860599
-97.00951333066561
-125.61612786204459
-100.36045967685324
-100.78945179104056
-84.42734557035118
-76.46735662354799
-95.73434538862983
-78.76468995773439
-54.72107273983284
-92.75305767083942
-108.16403459228681
-64.19400725418038
-121.90141285112027
-80.49939466798065
-107.34499469863745
-97.97284205552332
-64.49063283793568
-99.80236162176683
-137.30449827373772
-126.68624355539146
-60.81262588377353
-61.5308395214775
-145.70551782463116
-62.35561973390987
-68.17001121071799
-119.37203213212335
-145.88653226108013
-179.26572868591484
-96.92147359468156
-81.1601344030185
-89.39333722161149
-55.814248447318256
-152.421469906685
-173.08425830778253
-101.47104763910959
-72.8860734752446
-77.88616025701114
-72.82683703833791
-98.20471988918483
-75.57190298035344
-57.23391221747116
-201.96593592759632
-105.90650683638923
-63.99561234338667
-78.82659331040152
-48.574802766291235
-72.53056008683168
-83.26855031149438
-93.48070049528691
-130.78533781470563
-100.27629435827028
-106.56401679719364
-118.94814288743468
-113.59065783455883
-157.73505038186568
-77.31580030072348
-120.18894817194037
-158.35860082892438
-102.3488955165902
-127.2714261087459
-89.7854957538454
-123.22296017033797
-83.2959860091024
-95.09375686240605
-82.89720505010888
-90.00615478637106
-153.7110702894538
-69.053565051048
-68.58223371948922
-63.60347374939642
-66.88903114869971
-68.59477836484557
-104.58189146048319
-77.76329597882653
-95.6263451923307
-89.71688671497446
-88.6546894189762
-81.24043479632978
-100.81089736044825
-96.24245955998914
-82.00802129481966
-95.7889160697096
-97.56318681116791
-71.37276546061035
-65.1644085273927
-88.80305705750287
-87.78793342298502
-76.7855570463153
-114.57390026252283
-112.13904802746073
-94.56619944701536
-108.62822792639545
-69.89636881082352
-13.12847760535368
-80.12844361486772
-90.51556816799545
-102.4131606644805
-70.20670245572697
-113.46302449677026
-86.87266812946636
-66.52420899431318
-78.90655573203803
-90.18097328476615
-69.9473504016709
-62.55466808679759
-87.18603576552113
-94.6048693457667
-81.378505963412
-64.14900022002486
-75.07823945816459
-62.16715852096366
-84.34924171377095
-66.52242481296602
-79.71475914326166
-63.675264929335704
-103.18700690252551
-91.64231891433988
-89.86070292931322
-107.53279029835296
-63.455135298650745
-63.94154926731402
-109.80648609929437
-85.70223863062927
-90.97674737099608
-73.07918241715866
-92.53247607600895
-116.98806405386686
-98.52613965456418
-113.15953872702077
-92.66581385459057
-92.54481148917395
-96.36721921527563
-83.77174104072346
-67.96931550548854
-93.87922688168328
-78.53745250429837
-141.73986477887348
-82.5954082860363
-88.72139576512203
-92.84593592309962
-66.99851412192497
-47.42420738951072
-78.19870344915716
-149.28353523459216
-67.34367499736337
-61.48903771448028
-87.38773140992353
-63.587251250655385
-59.4119335642423
-66.96624818934691
-65.64224040873277
-69.86591148706177
-101.97927290898572
-64.98358539444153
-82.24687069967682
-103.15720546565646
-74.10941450290281
-95.81022856780109
-145.392432354911
-115.98217617160263
-104.4249097759507
-110.64900634644445
-120.67121363382248
-85.22490111129876
-109.5515415110258
-92.02969191957823
-88.97654450837788
-82.57067867737545
-109.79945308615251
-95.74402706541143
-81.70609795248099
-101.97242940186126
-87.36141060373605
-94.18325847313649
-75.25684695100375
-96.24203345040571
-89.74239442603783
-94.98309052576217
-81.74600927038969
-86.43791568773497
-79.98480534787831
-74.39985821330559
-91.27900095975924
-87.78110439257019
-90.54931590121546
-99.4848670953324
-91.02434689796506
-91.97946467352357
-102.34196277973969
-88.22044076658429
-82.09557508470189
-102.38321306948494
-84.23892733031391
-75.71081033398958
-103.30883566807175
-105.39609399558267
-80.04040940326169
-101.88224528140502
-108.05601787185944
-101.34800078277152
-106.30466047679005
-104.61746808756179
-99.00619089832516
-97.73797564526923
-127.78962833693863
-157.54435840736213
-94.71774354768922
-109.45966509586297
-157.3727979092188
-100.05348977826954
-116.39132689191185
-136.69934067805963
-105.06904293853164
-100.76822512901384
-134.57148272436189
-103.14116248233168
-112.7608945849296
-86.40169103789334
-98.82403763693341
-94.66869727589916
-99.39479051286877
-103.2664930929531
-113.15180638670509
-119.68505847444524
-102.41005584019004
-108.40722694197007
-89.53868960644466
-90.40006852550357
-139.84334625425765
-109.75898286258106
-100.50760190227285
-101.92373753197926
-103.24705968894574
-94.51735864608906
-109.79156565277835
-87.62386195443979
-110.86667636996009
-97.5631379015141
-80.90041592471539
-78.94965934219567
-85.34811472971495
-87.19435847058477
-88.01097695559069
-99.3137302551575
-87.46805524885845
-208.8900337938559
-118.81973804923737
-109.85877075255341
-123.15178253956756
-91.1097739674255
-92.26213553031138
-94.48224642323132
-102.74078952841187
-93.93498181999536
-111.65535546385422
-95.93242871352433
-94.2012679460695
-87.71184612295626
-101.55980965072115
-99.5027885551529
-95.73029256802019
-105.95090407288212
-91.39266328697474
-90.57045520771761
-90.28542904381376
-96.86028148731977
-102.50942981401512
-115.5063633959764
-107.34241127663
-99.16023448962832
-104.2528508963495
-111.28307643681195
-101.96515072657677
-111.36011637069693
-94.85338779025507
-122.37206876969674
-103.00186213156597
-103.93569389858675
-91.18779959616991
-145.11234249227766
-148.1234157694603
-103.76482422130258
-122.41351361015849
-95.24485903486324
-102.44752590392254
-91.1510790755225
-135.3012249322389
-88.56002676397605
-80.77594363323976
-86.32057664914348
-83.61815440285922
-198.05474120637433
-109.08554424753439
-107.68949342964004
-254.73908618240208
-94.76542202487431
-227.50660490684845
-105.67877983953574
-98.33799769144008
-119.5124436573509
-89.23325819672753
-83.39518072099631
-110.19299994635426
-101.0218532461752
-248.64251737624917
-248.30986210349587
-154.76942272470538
-249.57534283514096
-254.72596366715555
-71.57866055003868
-90.01869390680233
-155.68485546714467
-85.03386077471285
-180.50381178096995
-59.546382864054856
-113.45960304728261
-141.6970601950434
-72.13119628585338
-64.45068097268567
-83.96040069856701
-129.88139846732875
-114.07136470835366
-124.73194634714986
-173.12488827848193
-77.85246268107288
-72.41169958908799
-89.27302976661802
-77.9206083023287
-58.971509770313375
-129.58976187112825
-78.78301995269629
-85.31274278670287
-69.69970573873245
-91.67178470495118
-77.4184480134798
-88.28696415833544
-109.77148569913183
-98.67217653689404
-81.57496990135364
-85.51555537077897
-93.18892225486388
-77.45939041034298
-128.1571857736191
-147.22526926312315
-87.53137297662406
-88.48256836319149
-90.53517187627679
-106.81409058754767
-87.95317343138821
-120.10707899373882
-93.7170322334239
-70.59522620964759
-70.68330563367056
-109.94945585636147
-70.10785358439225
-89.55421919888657
-90.5553760299791
-85.73969040395338
-85.42790628222242
-130.8288580587944
-74.79803992536957
-104.36905212048441
-144.8345860163573
-74.14277776209734
-72.9342092651735
-144.5639261347724
-68.45265590078704
-69.6791382757208
-61.986300440448716
-91.07308911271099
-116.71601683604787
-94.88007881003819
-120.0382385181421
-104.63961303338262
-115.94453984130942
-130.22433713207053
-91.46073532425625
-93.97949580125324
-203.48198854771587
-199.52091429642724
-182.67555108138623
-164.41773383761716
-184.65264043830217
-96.17910878104311
-105.82298673028495
-110.14187078563258
-85.33226583589108
-73.23836731442924
-117.55513330996804
-99.40943715065448
-95.0919045444092
-103.47943875289114
-83.79668873843971
-90.84490412080284
-87.80881825980059
-98.70314194622652
-123.1454472869467
-101.81768496719143
-97.91886853108446
-106.53941545920573
-115.38120844624389
-111.27070294035155
-101.08086772953557
-104.10273102443635
-99.91881647901792
-103.75141100333765
-113.11489142711325
-145.09508654299512
-112.69194611315866
-115.1345997185814
-90.19414734075852
-80.63485043922547
-79.72196779566285
-80.50294843542456
-124.92220438412637
-116.68289063677446
-106.24150551776366
-79.89220216940542
-83.30500847577308
-91.7306161433084
-108.80224873609421
-83.88144905713878
-97.96769493996966
-71.48492540482258
-99.38875088934886
-97.55686546486405
-118.69211212296798
-147.0192652412273
-73.43523242017555
-121.17964550515077
-128.2506350002957
-73.84531071469561
-102.0925261222989
-141.62186326295762
-108.93522986023191
-118.31174246543789
-114.08576256755228
-153.5650862870655
-112.81648413254979
-134.6620998016317
-86.96375992558481
-93.27177272729489
-83.69504086634453
-121.70476963818535
-122.09119207309215
-131.0542913598919
-134.50758850187452
-156.83690749939112
-139.08206705365512
-118.53255148792037
-105.15618408052491
-109.30297088579456
-114.48149932261605
-119.4136069396645
-110.49563185680837
-137.32879651405585
-132.55454872441496
-121.77954845437581
-129.06696131646277
-134.3310944329391
-117.2398669165044
-112.2154949123039
-105.6108337661025
-88.66103843344875
-103.19827790623162
-100.96168342158889
-107.25234101175647
-114.59394444804387
-98.61190298239211
-103.87408049852547
-121.61789192072156
-90.73637683907016
-90.55873126108114
-86.38506921500398
-93.92432146081386
-91.82575336707067
-73.2816917537908
-82.45410584551186
-91.94026282939527
-95.58678751626083
-81.81246354278395
-72.24399858602156
-84.94207206722365
-91.49621736530575
-96.55055405013557
-92.32808377677176
-92.65628214375242
-74.81492193088931
-70.15634637063233
-90.94988463614308
-70.15364992800656
-100.06947536182189
-80.39198547832646
-78.42074310732825
-87.06256386907333
-84.29798668845976
-83.23198517892907
-90.7784362544055
-111.93069530653206
-104.91928469274735
-94.86546581775293
-130.51053308135877
-97.11055580173951
-118.1617552891697
-79.10215303377917
-90.7093459502511
-83.9132261302802
-74.01474316631865
-85.22048499510086
-114.95830706397854
-80.21393428749711
-115.46776363099123
-94.36867317268386
-138.85701505783877
-107.40938987850629
-108.41753137700186
-103.70686546699574
-99.95260587156261
-94.09292966895882
-94.73900279553351
-95.95826533962851
-88.75294226035373
-147.75225578481036
-107.36228759633055
-86.59520225368466
-120.17911523038529
-104.19565098615233
-90.89229184418072
-92.7661110633047
-90.75529091449155
-119.18723651712946
-109.04742227788296
-117.17290287596097
-131.05891968164792
-105.19235370242413
-86.31514391883734
-69.05472147658763
-68.79718744184999
-96.52128976259253
-99.50819109408258
-77.90799285396254
-74.08712388428593
-125.92120980961066
-86.477723080137
-143.77701612783807
-90.39757350174646
-101.03684930960321
-106.62889780628139
-119.25790340726412
-109.15542260806859
-134.3090637969537
-106.97283572751637
-91.43444877974214
-66.94116909335257
-112.06573850592682
-79.10735827716795
-80.10300145030575
-73.79559316137278
-71.9225412319992
-89.43938219972826
-77.03395287313948
-121.68311485239869
-126.8785961761612
-147.9839513030623
-154.7276200298742
-157.13628449156508
-119.36444320337314
-115.38079689238161
-119.92069049795049
-111.47752816390316
-141.29141839061347
-101.5661786843895
-97.48104281633849
-103.02972387190106
-89.61749833839653
-85.01521188603087
-88.55082069408668
-94.12557129129691
-81.44764808780457
-102.20058550796317
-128.7289344052777
-91.48206303123435
-85.38350187056024
-80.91288113377327
-119.82184348604154
-114.15306012553016
-99.75852544831815
-93.73799858802981
-100.66096043069241
-138.74043626504175
-178.20559058373902
-110.8544431534309
-146.01327123055063
-136.05036518666228
-135.55124500436463
-76.0334068033739
-114.26482335297018
-106.41546544802617
-175.07150470594163
-139.04640882457454
-73.09089732470916
-87.29173537028085
-97.19851905887637
-102.21210083304071
-79.35140528789438
-86.44426886552623
-70.1450948765761
-81.58547716409093
-81.14711187795153
-79.77180204414805
-137.036878654409
-187.06163340125008
-127.53005703420794
-87.67670329207063
-117.73959901747774
-132.31987595869003
-137.0508330309028
-133.39066900753778
-133.46233314348214
-87.88487718018335
-107.7151692695522
-136.78583620510724
-175.95489412533095
-82.96188487695345
-95.14892154506387
-105.36487934157613
-107.71370756774061
-88.57523112035447
-77.11754099954084
-84.3722167561645
-72.68226290034019
-66.03573700580098
-65.67920725646228
-60.955245872398265
-133.160084274344
-186.54465971514998
-118.17053766463009
-125.31821303108757
-67.94212921480641
-75.29479059290637
-84.3501634090845
-66.57717700587887
-82.26823336901501
-114.46334261300566
-94.51160588551521
-107.09133879972784
-151.33648307483622
-79.9607239071755
-83.42137519633737
-79.2891332143489
-98.86758126027416
-103.69502133328454
-89.269016472
-109.80021450152742
-92.69400540203009
-103.36072896556934
-95.38133661294682
-106.08180149180876
-141.03455676403374
-124.91994895560154
-71.2947957626102
-85.54493822955149
-86.19687144929772
-93.19858265735576
-85.85197058515979
-79.82145547775342
-123.34975634895429
-80.8406265372122
-97.24338122091642
-111.11295604407623
-80.09723216784073
-104.91020412808128
-91.83059559093518
-142.99386843347915
-77.5685062911231
-69.25290202250187
-102.6594147980297
-108.88955173755538
-91.72445012721826
-105.56372806810944
-96.16296047825591
-74.40448461056246
-97.51931103817736
-72.52896549832195
-80.75042685379543
-79.25001634217664
-97.162477854846
-89.46201683284816
-134.23043889608059
-81.28828849102199
-86.05887934998387
-93.75253352128868
-96.17460576389212
-84.71080957289017
-84.65934244456865
-68.34613848795016
-81.98038002088053
-82.38485086479385
-99.99386002162696
-70.97030375107552
-87.72174117355591
-103.23161795727165
-97.80934550734578
-89.12712783222649
-93.52572815892565
-80.57541085639578
-137.8450261988761
-83.54740694797977
-149.65047809069875
-103.12986708390402
-96.02351130971206
-118.69673959299516
-94.51059971649595
-96.7427967571545
-108.02435626221126
-96.05140284835169
-101.66578899052907
-100.82596450737049
-103.9568815339264
-99.07645472731335
-144.65264697043483
-107.188033601903
-100.90683110786026
-103.22163863095517
-110.20642954383301
-112.49315875077042
-109.65430583849081
-105.86332621128022
-132.43569790287165
-118.57174438464503
-102.47768291435817
-113.7761946517094
-106.70884456576673
-104.29040287196835
-107.00643283618183
-106.90443639766151
-107.38029645973383
-98.61074783529769
-111.02877916824677
-114.85528362649748
-105.28119249852894
-108.41267670048951
-103.84120804779215
-95.89031271993943
-107.34739447471763
-94.06373360091276
-100.85886072091421
-118.80554507594063
-128.3210022841761
-159.55843850374487
-127.49434478807704
-135.3047016217934
-106.60175418797574
-111.76847989502954
-121.61835087407236
-106.55037242256411
-113.91900487235449
-154.84686229666497
-111.96927623507361
-113.15075796099792
-141.71456634936126
-113.81114033279438
-111.53241913234282
-135.83485673151478
-129.93854580916715
-134.82776004879562
-92.9556983030697
-146.09207853491165
-94.3828090636049
-74.32122737571538
-84.00060510963361
-86.08294837828375
-74.37992053712586
-87.55293316096254
-86.61882150962126
-101.92124453415038
-131.34263862898922
-102.14739071258322
-92.51231040803712
-93.06050698088283
-102.25823409574818
-107.9210690384159
-77.11521083853476
-78.29463794523687
-77.75031123414158
-87.21379207274443
-96.57756865961237
-120.36118657946511
-120.39120425846083
-113.94938476313854
-80.24126450342929
-101.35448994516832
-92.49139543375053
-104.25328849629575
-101.48810680091209
-98.10986063902715
-106.64021471738917
-180.4613291047666
-227.57033464481395
-176.78146654295455
-175.82055885270358
-110.98177122029466
-120.48628275862139
-106.4758118307893
-114.56454353687172
-98.26095401010855
-98.64778653912632
-96.0336446628704
-121.36927767984612
-92.12724106689325
-120.30940374635965
-204.99104975970235
-205.930671872469
-87.06996065219984
-225.15326631196413
-163.00465040737214
-101.8971043056032
-120.45698913426342
-233.40768903731632
-202.79480172883441
-90.29713051821477
-191.65605026021746
-81.35121940097905
-110.98889598973568
-130.0415128118101
-116.71676866792995
-122.90534947569914
-151.6952256768574
-109.09659728447093
-109.90091088145489
-109.01629961605515
-152.66818515393422
-103.68748770695787
-124.52247766848633
-149.4498455455404
-179.13494878022817
-92.79971177158161
-162.49777232734533
-86.62235898496205
-108.55663888366512
-122.68274299734777
-181.46447622268684
-162.87085755880113
-94.99788039510304
-219.73195667175574
-181.17077864970116
-209.17267794326418
-223.14441273915241
-217.35771770529126
-114.07050588640237
-181.17673611400386
-145.5850562144101
-190.75866185807675
-163.82295397513164
-161.76306469374305
-145.39770267752584
-139.72200837951186
-153.83673153575063
-167.62039510481654
-124.41448840455713
-122.62024585965924
-80.20040165598435
-149.5348394412679
-72.62418616386691
-115.57947615885313
-115.0432457811432
-112.49661239781273
-90.57210695675532
-99.78619012628295
-94.03778287143186
-114.20918378752332
-99.33395935176405
-89.49876414586396
-97.14456685829722
-94.26019089208575
-115.13712904774995
-125.83798019491158
-126.79481955900164
-93.1767827640303
-113.88289035762999
-118.87382605311136
-109.89480806652327
-93.70485176912963
-102.29468723770367
-98.08304733434257
-93.94960971266391
-96.34068271349557
-125.0378906141071
-154.036339968853
-101.42904005678204
-124.37658617627514
-116.1081182744897
-134.66430558622957
-111.45681347607137
-107.4108414362819
-131.00780215284675
-134.519916739028
-100.56564661925105
-120.1105435151943
-129.60059323723723
-100.00492998871964
-120.84228607188949
-128.21938527313955
-110.59664026760252
-120.27243435478871
-123.28963267887174
-121.81757920344752
-108.15875558702126
-97.39434010401526
-121.19483288245411
-87.05349238208602
-87.02437960799683
-81.62937591278447
-122.22813811072686
-93.30785265086192
-92.9230253520724
-139.05153499507506
-230.9696480295082
-127.36230253950517
-164.47602588042267
-104.95967143344387
-132.58801245372527
-75.51850560126256
-98.97694343361343
-140.70668188555163
-161.54002634039043
-156.19167762888804
-165.80766882051034
-157.0216925718321
-124.85388478843146
-76.66296422702516
-79.08631039622068
-89.22969680830766
-77.26046065495132
-95.23632883340115
-96.82165499071382
-111.44917200702928
-136.0025722177305
-100.14012611773391
-125.22124384648296
-134.38307444122407
-115.14726881178288
-91.95398921071654
-101.0650081567417
-109.07676656196409
-98.86666590619441
-95.4066302383091
-100.2634910810299
-126.16061809984946
-103.96907425007933
-88.41418486114442
-104.7681159103424
-104.01651206124995
-120.25370362388936
-99.15012323715058
-100.89989150721286
-104.17918869996211
-110.91121105309752
-110.85157421148763
-104.00814255822443
-115.86104767527449
-112.10862902590138
-101.07681365653562
-128.39453422598737
-114.77080776134815
-111.81153970357502
-94.52835430752972
-121.42411969027292
-105.66486929046485
-93.68614573176605
-107.52944765461275
-126.95208390005334
-95.43514765152544
-99.90068334063007
-101.5107090708764
-98.04715980516455
-109.04749782635702
-110.63287543915064
-118.74628183607194
-101.12814041659556
-100.86547642160721
-96.00828639619832
-106.8281902999094
-99.85305999899559
-104.08898332202746
-142.13897258759346
-106.12007137836365
-127.23828098620807
-151.4957748853357
-184.67780923473896
-147.6993155530452
-113.69567630209427
-124.30209690912953
-136.72874398843524
-133.85701873662353
-127.01099253765727
-111.60730837080463
-109.8339804903662
-121.24228143994284
-105.86418128964675
-112.02062551671992
-98.2004403854853
-95.74867502871956
-105.91159275634188
-97.93992408209628
-99.90672916867246
-100.46919975068282
-99.76304585115095
-120.16631223623858
-131.63542723560178
-108.22764593225467
-94.6121623093894
-104.78862768348768
-101.05597702921213
-106.95053560693776
-148.92130706212598
-102.21587802574288
-114.2796059900091
-104.05021384566595
-112.19809558301678
-105.91113267096142
-103.79682010077197
-101.7765679973191
-113.67798279116909
-104.25953685043281
-101.44741642044399
-107.02140210516502
-100.720769199944
-79.08047166532381
-107.39543541292957
-90.46143079434322
-91.08553101749253
-101.68333167254345
-96.03184002430419
-91.46051736541996
-88.35882134486664
-100.38402584639515
-104.77151136049311
-105.84512350257651
-92.10981935908411
-84.6191293662728
-113.44261303860816
-108.13999537158972
-95.50266092613396
-111.51404506116435
-105.52623691530592
-123.08372199607412
-91.10346182832087
-88.26348573359907
-97.43047591650308
-92.67533098876957
-96.42697935312758
-110.54135810902868
-104.85413182144296
-123.16635983738857
-87.77210239307166
-107.10729426744996
-98.03993948539052
-112.26707295170225
-127.2129730902903
-118.95502514002065
-68.05583393076012
-87.19199261905132
-85.73735482069735
-105.29373163841736
-115.34713170116717
-176.07642684517634
-86.90869463301078
-87.5009609748554
-109.89813917258103
-136.2975790463945
-112.5815240322044
-107.23454456615634
-116.17920130270032
-86.92551539758728
-75.63642749349675
-99.65779382178746
-115.82651419729764
-115.82707378937475
-96.875874446503
-81.22917017636328
-100.7581567757081
-96.43476967407554
-83.9480311617131
-96.67159925168096
-112.35716115560992
-83.70359973898138
-108.35236728886849
-129.77399453794453
-123.73360018152168
-117.69849396295585
-90.7804501775804
-86.84676097720414
-84.35462957615972
-107.0393132915342
-119.49881410536388
-95.62451991435655
-124.62436459416153
-103.43741182853476
-29.97896915895525
-75.59437141115747
-106.87137217652224
-86.20049552618673
-122.50928861597319
-111.25217038139371
-139.50163311090228
-125.44946068500954
-69.89654211264914
-122.4999498378661
-79.58575531739567
-178.80714919581624
-113.35264770532649
-145.24390461982946
-190.71934961932018
-132.7627226157431
-167.9605218922128
-91.97815876739438
-81.31472182385514
-81.19125003643046
-109.70211887799411
-115.2633559235874
-112.11497246621539
-82.05407889886413
-91.74517092195076
-156.16807203244215
-88.26765523960505
-167.08218086722434
-196.06741217269055
-167.70796533544905
-151.03365147557807
-138.58898778350385
-156.1200529688499
-182.7610267032146
-139.28267011256415
-153.3782455966074
-139.75683244535824
-198.67081457293358
-202.58388357113836
-98.89791814785471
-140.27109964418224
-131.69783933068325
-135.41889910419727
-135.1009042391353
-105.0107877723644
-113.69340814777439
-143.61075334537767
-131.10344567077993
-106.17509637696183
-136.841219425801
-92.32684555368505
-123.41499859969201
-111.01434092657361
-98.69083425913097
-130.0979781962348
-143.43427195403748
-132.7148073532491
-100.66004121273474
-83.61849149320153
-167.23876539641597
-127.63062774409347
-117.20080244656776
-63.382809175068296
-102.24829209559513
-118.93486023352547
-164.4167442496973
-92.09662397984296
-74.61607579500871
-93.52459274264871
-119.58222993137066
-132.62247907648538
-87.58254881985597
-95.00023655573276
-92.64684088754106
-107.08758699129119
-105.72370232051811
-89.33228189991281
-81.42390206452673
-92.14782902519359
-90.1276693160567
-102.63064670452272
-83.27378161212904
-69.6893855758009
-95.87537157140689
-100.11092246765678
-138.79410344816915
-93.25956261791761
-91.10503381797342
-97.79628871929329
-93.62054596447018
-113.2753709792048
-95.6977514024893
-92.9048015818876
-107.34227630844312
-118.83292924064192
-134.18060871559803
-82.6395661216814
-127.84405041780133
-100.09984378191346
-126.31703341843335
-97.16934621203967
-102.36028087183958
-107.0256909672872
-99.2065352780831
-139.74750089106897
-94.06200088070456
-97.38070013131092
-94.78890149783663
-90.9715699958001
-106.21802592579814
-92.59764889549761
-93.57240028240133
-91.17572160447527
-98.03100883136636
-91.95795949913253
-116.1367698338273
-85.47555856062847
-87.67749091773324
-99.006851684664
-95.3058880624469
-90.49221150262866
-98.83090897399268
-110.47721522469271
-102.68356103083823
-114.13301751142833
-130.8046957059088
-125.15867815866581
-118.76880307619976
-107.62903648916256
-105.35129015054481
-104.11682301817187
-95.47805509857729
-95.43328932131182
-106.51655560032711
-132.4233112950495
-105.66952172491776
-96.28547750341097
-105.93516598305389
-96.44456606508308
-100.58160360580854
-97.41738080887005
-98.07275586088343
-154.5564890935596
-94.14001645745358
-98.82272346981199
-106.00697223851617
-109.66234900983162
-102.20105269732545
-105.9012001343201
-100.82432567335884
-94.59481892434853
-97.66692340806117
-104.30220627252018
-98.2361864829501
-150.12034082486252
-88.62681378120523
-118.70323299084531
-92.45169961231939
-108.05409104177201
-98.85291739793684
-96.32021931181501
-106.03396146755352
-110.92826309921936
-96.12911710460158
-108.10911315286066
-88.49564291731122
-96.22824541131237
-111.3290388220784
-114.50041484477856
-93.51984983987066
-93.69637762163806
-93.60992273584523
-93.71525819868691
-102.32867193205878
-123.05395360782386
-112.18494042816197
-152.5454758898724
-197.29115427824064
-94.6799987863969
-93.2661269128918
-86.61678866496914
-90.27825442106226
-127.20764052114437
-97.12768596918384
-137.10582276543118
-142.3174379325407
-88.61733445486254
-112.6378703777201
-94.08086062657672
-95.94984892321355
-102.06829698623343
-97.10154412615378
-125.91612318460228
-99.75026814414976
-95.04043809227215
-97.32400393937841
-95.24723763378452
-114.42978794536464
-98.86890941393617
-112.9586909443215
-93.06330094260986
-110.16377466028435
-111.32686774892052
-114.39897093473851
-118.208638464075
-126.59996740404648
-108.29693523327651
-127.63867178138723
-86.89837759030056
-89.6240969799744
-101.15548006922924
-95.66499125460501
-114.21525555806518
-101.64520060761345
-105.84041499914892
-103.49415536803878
-130.50405888369886
-106.68283828462441
-147.32524180860833
-96.59727135690741
-121.4320559406875
-79.32639964971962
-113.14192261322682
-101.81451369947608
-102.46799505950185
-94.48063600052812
-85.09695286824837
-74.61081455602881
-92.35757169850197
-101.40767517884272
-115.34938946256328
-87.93479313368718
-86.15596243412047
-99.82841161128499
-63.543926110200175
-109.99913048498854
-77.99845594695299
-83.30569770356811
-86.81076374721131
-85.59947685257798
-83.50084542465267
-87.73941842701531
-90.44277747995365
-94.4667726275491
-81.93313193162315
-83.77879307217253
-97.99521722788147
-91.029732974725
-93.95225576519093
-97.06610314975917
-102.56772028777262
-98.8381322732704
-121.38115808503026
-93.47790742142702
-105.57643245564692
-94.92944627877758
-88.87357332606709
-97.4904508623424
-92.14392584181165
-90.91808739078174
-93.54404528998411
-95.1114692940406
-105.86285948218304
-96.76293228604206
-92.9543635962478
-98.42935228133864
-91.58795395856893
-93.5622545977595
-104.20981086862061
-98.1975751865267
-102.39504613057451
-112.92179553748919
-129.53487459557218
-99.55821722036207
-152.94181553620356
-145.89503611129803
-205.6133454783785
-228.01749641575913
-240.2177187228929
-210.91401658963298
-109.52591805204386
-121.49151518916523
-100.25160594418693
-114.95097821479887
-99.53764876388351
-116.55361200348767
-114.42561443907299
-143.95793036000927
-136.043806070226
-149.9289335313297
-105.18046576021995
-118.29661852372114
-99.99254689810017
-119.18969775979407
-125.47335328230739
-147.96982459145656
-103.38666101259959
-146.53271318743703
-137.19808966656734
-103.16958168946361
-109.42065897066556
-130.0733998791105
-130.12923070527526
-138.40129645135463
-103.48691628052143
-132.1668114169121
-119.25019768926228
-96.81647308698503
-78.53567971783795
-88.80894787035258
-97.0799274068545
-92.5188836264508
-105.62290097719234
-121.2119755751974
-138.75188161007725
-112.34616771604409
-127.09280776235919
-133.7514737477202
-165.34072409836804
-86.06425386482003
-141.4290104455892
-140.21494500825645
-137.80449096209762
-99.6271891525097
-94.09662865924226
-101.7664143356048
-99.20669083884103
-108.9141820898413
-84.91506626898847
-76.26608955408614
-110.91926536582173
-105.4457418997513
-110.01631020506649
-94.08109327133961
-94.37414228044894
-80.81083051201223
-74.85389564312815
-86.8476576633101
-84.63837486709228
-124.64710282437701
-119.62363154151008
-93.23783244334288
-94.07871752040887
-100.47625878080159
-124.26539009531562
-116.03018736960281
-108.55267041264709
-106.66596293700424
-102.04072973474399
-91.01313411220511
-96.39924103521022
-110.40800235722348
-93.21925785884807
-99.98280689808524
-93.1409082063842
-90.83081588087526
-104.46601939994294
-107.26837486196418
-106.7855111105802
-103.92376584113904
-107.14408547699297
-117.6209760549122
-101.10326467109272
-90.78781335547109
-103.95030045842111
-97.87174827772037
-122.87965633497392
-87.89279755878289
-88.56988654367238
-92.81610962231663
-83.38616886091374
-93.36969357432433
-85.3933249447111
-87.93248849468306
-102.1957761638969
-115.2471421457946
-93.65616958858243
-118.24848721692399
-86.46306199518371
-91.1390911292405
-93.92761979858385
-97.41713905789011
-89.52753904828867
-86.8159869574725
-88.06266611334932
-96.81611600103216
-84.43157911577983
-89.97097442440011
-72.19585792794211
-99.25923524072401
-70.00775152146171
-71.85161092530065
-95.90919909595067
-102.1855961397653
-125.6914514121111
-63.89368750394915
-80.38570453485369
-83.49596620802755
-86.74404052393173
-100.50592587629363
-120.7359359525858
-102.27199895629673
-83.63578290244084
-85.34894071253804
-89.52862254639219
-79.2233483357758
-86.09647958759258
-92.93693839103229
-94.02149944628134
-95.07045860824101
-98.83759050085496
-109.24980494383126
-84.04368464986936
-90.91384014486805
-93.6034823101581
-62.77889533429173
-94.2736859516279
-69.92870412981699
-66.57281733947394
-84.8381715158099
-64.39056137537628
-86.07596078899859
-70.51817786842005
-79.5434467090612
-68.87554811307878
-79.78000734904712
-94.81119442569033
-71.91459313895437
-80.19418274860813
-71.33835478649101
-88.53949469806194
-93.28739537388374
-95.87198912784682
-89.84985179344685
-83.5354855173247
-91.16565323011744
-85.63489060148201
-116.73818481913624
-61.6442615554025
-94.77143340133941
-83.09542990715136
-86.34688289224637
-99.46748711342781
-80.78040806371479
-105.91576714311182
-75.59722019571471
-10.914974382051014
-95.43088534604603
-123.27055199001214
-159.24134184623756
-165.4964139739512
-141.1686989159835
-165.19728658517147
-108.75652920387681
-158.29710568660823
-109.24632131772209
-119.11186202826971
-119.67772353380076
-135.8375665666023
-134.37768810297771
-92.10014592113302
-95.48138201278567
-93.58188605828776
-156.07624052872816
-129.88536898120427
-149.96503315470827
-97.61803748910594
-94.72343880968725
-93.63434903121627
-120.64731652391117
-167.50945508025572
-129.50273440309851
-91.06265050858448
-92.53242053319967
-141.39084668361934
-80.74498154490024
-117.29989748332767
-79.99346884357905
-107.96636744885159
-99.33722940457575
-111.391535156849
-129.47399136221327
-107.13550981459814
-89.23938205110456
-96.22088071877202
-106.5538321682673
-95.53593827339841
-104.90655212288976
-103.5521166755577
-99.37414545358313
-97.38836697886231
-89.01213641753561
-111.36397336488614
-109.90675490963359
-82.68230423180867
-131.26438375574085
-120.33735795581613
-108.95270801762099
-78.30932641068713
-80.92863609250242
-106.25553500728878
-189.33378878267447
-78.90321747109786
-74.5884296475702
-66.68494505551128
-111.0863430135553
-93.99245376629399
-187.51431141369653
-121.26327430530348
-107.67691857432213
-162.3004789606758
-139.7842477487263
-144.8640113232188
-110.42360491070461
-125.57531252725848
-133.39954186567002
-116.7732845366225
-142.76220541796832
-92.47371059566431
-78.35258890156156
-89.40672366068982
-113.38434486594514
-110.24663716566266
-123.14086057960752
-96.14107827344466
-78.88655368748984
-81.01876457122387
-102.88640918758531
-96.84940567977897
-103.76656423554948
-92.36880513609518
-109.13723321056969
-93.2194839694329
-124.93639516283774
-78.57918868405471
-94.16720518843682
-80.44879073759336
-91.58732128815348
-96.24444348831909
-83.08422558329325
-82.94173698906036
-102.93645021447637
-125.74933440033367
-75.0014026414429
-81.78028978876503
-87.51886348792746
-69.45256715799881
-81.07018890468021
-77.81853123681306
-108.56102990061451
-89.83231139358712
-62.089065773128475
-87.68903262168752
-86.4760777395595
-80.07972913533095
-182.4867140184185
-144.07065606150462
-167.4356883667581
-123.55635999860277
-162.09930074091122
-106.50037568650289
-100.24500675531512
-99.12163026462704
-116.1692147100566
-141.3659318258115
-101.57042230784663
-157.19644990949246
-86.95494784855403
-99.26890588025172
-100.63565956168642
-99.59283134867454
-100.32705987027768
-94.50130457638318
-99.956863181741
-104.430897261455
-110.04454153722392
-106.86152980833636
-92.57591155493446
-100.31846514364666
-104.76465108823425
-99.86722949277386
-90.25050945751201
-102.19568222815586
-106.2137801383437
-92.29168017472965
-103.0394663163221
-98.74773065285267
-96.31373036565768
-93.23206005246071
-83.17157657974674
-76.4489789704556
-69.9809880569869
-88.71559056423038
-81.8890813168404
-78.83970174089582
-72.04627530262626
-84.76324155077376
-75.04049976068495
-87.63407820891747
-85.50670827693415
-77.71829187913842
-82.53828143294734
-116.9562668277768
-64.43421032239053
-69.2884421527766
-85.33588476730137
-90.55863551045164
-78.11295391363154
-110.10313103264535
-111.07378056112583
-143.31325499367384
-106.61146292891104
-114.04458638925861
-111.44366677819444
-101.64889580620746
-103.66966303652376
-112.83885198443922
-99.39355621328735
-99.82570298967205
-67.66290210028257
-70.39053610721385
-71.06119845522758
-65.76081972834399
-90.70483134770122
-79.97633895339878
-78.70902346635788
-95.40077859109903
-60.99588153822084
-82.3120818108358
-142.1730456722316
-67.63754598042766
-154.03301974181866
-66.57719730953191
-67.81389794765164
-85.13510015945812
-109.29090401735128
-87.602332935131
-103.0985084727499
-100.83468542249959
-112.2538455439669
-103.60071926480397
-80.34142928533977
-132.5529053125899
-80.54423183067911
-136.53785187702468
-91.07232267692899
-87.00151256582289
-102.23230621141937
-83.23687711137694
-106.47305011555045
-110.49074899579169
-125.34530169805558
-78.17216648175854
-73.66863823071934
-96.76244720712248
-93.52981540482328
-96.04948839548076
-97.09981655542987
-160.16179576485808
-122.77258522813473
-94.22245676953887
-73.40775758521403
-103.48169857716276
-72.64471658666456
-80.35714939238959
-78.34269666007071
-75.40145293388646
-80.84516979410837
-74.93252582875023
-88.13007202404489
-95.86188204942071
-75.5706648995084
-99.50185259068782
-72.1877532670459
-82.44261430151018
-88.15420517704504
-77.66238537034135
-70.96476985711494
-82.82544187207075
-79.0754730999991
-94.56874205641184
-100.49974167271692
-83.04824101918143
-84.67026011261711
-78.49239468662059
-81.32713232834548
-78.80845544185826
-81.52276388235612
-83.2886714336103
-81.86232454865039
-82.83248180947419
-89.50976246572468
-84.49963319434093
-79.05615698337479
-79.26214454204408
-90.42109202916505
-85.27645744176783
-82.22816783010919
-82.84871776722296
-80.73792869859477
-79.47374360309266
-79.8231269838886
-78.72237410858133
-84.4226812075827
-77.72198641581403
-75.694229039855
-74.17595873186178
-85.73675318805763
-75.04188710868924
-70.3366661117219
-83.66280571502493
-77.88181334792614
-77.21532278072617
-74.9251980069613
-77.33179459503779
-74.28539753035183
-73.8770523443754
-78.14362447955753
-75.50994929485202
-74.00561421849737
-79.45044137540539
-77.62813596759467
-77.11170064732114
-77.97496181216115
-74.76721724630904
-80.67684611349654
-71.3578195922941
-76.14211078757835
-75.20062035586452
-75.3465175223267
-82.4895288234024
-76.48361736413679
-72.84754671937313
-76.40348245726119
-77.26741801212509
-78.24233275593754
-79.33795739335007
-84.80713498004395
-72.64522227797703
-73.90219677925882
-76.16293103350914
-76.60976205859232
-75.27262503204449
-73.46022662622245
-79.6139586650708
-79.77212567449085
-86.68156550377132
-114.00211442677083
-83.07399447690506
-76.24286005588681
-77.48674370603374
-85.99748665076552
-80.95056561799214
-73.82955661828053
-81.77619371914241
-72.91798132614231
-74.9911813079837
-75.20516146670721
-78.20369964174725
-93.4349645117659
-85.00337449518142
-83.54098685602655
-83.37932298983915
-94.38842741683011
-75.48661541355193
-69.83564571127273
-74.00313699683382
-72.37395107092168
-79.24917860370196
-81.90978874932861
-81.09363561121536
-79.55102348577938
-75.20842631873633
-74.7096557735207
-85.22176302963646
-71.48578992882064
-78.23223905616224
-76.94051675222225
-71.11107873124021
-70.92577554766414
-107.84185479657798
-91.53395088251688
-82.86577147836688
-77.84024334396834
-73.58707663173233
-75.46587099655416
-95.96092024863793
-105.45084099672478
-90.14297679054249
-102.86956605492172
-149.5484622803853
-69.68360393724407
-75.10092027194067
-66.14027141081958
-57.570852922259704
-94.70353749073274
-108.40957280792391
-69.50471340202705
-79.2593397076418
-67.76638235798221
-70.14892376166192
-64.11562266814424
-63.55966825864441
-57.43199205774106
-76.64746597583051
-76.1944446487996
-73.73551702452737
-63.35406260898523
-69.65463155679475
-74.68732952101148
-91.18474319561159
-70.87981915081194
-61.816524604441994
-50.87040794251798
-77.60871232148561
-16.194138329421364
-77.46386002943376
-100.1026136956053
-66.98116955560991
-96.11732574770039
-69.61425276999566
-66.43417202919902
-62.54922502956233
-76.87092112196262
-64.26027050834644
-95.12187309091543
-70.49742219151688
-60.69800614316447
-63.5597517386537
-65.34440113050935
-62.02301833289418
-71.89407049375026
-64.09285392820131
-59.59097602357291
-71.08035317171696
-111.71878476546638
-109.29726691737216
-127.64290631547429
-72.90572114527268
-76.10187542198051
-70.5336518797097
-108.6735161678329
-88.92448351818707
-87.79763136094937
-79.4718663847249
-81.32474799166249
-84.71158560080558
-88.06223752172109
-72.00820123362082
-74.64142968355615
-85.59262001757615
-83.2206783116373
-89.24056908742178
-64.54849797208394
-67.83078311200973
-80.71409997372689
-66.74203792410661
-80.99099768409856
-110.41443576273504
-117.39274225860264
-70.7720919908643
-108.08953289426462
-85.1861744152731
-69.11907217375867
-69.51785269647021
-92.71029421321484
-81.37593495059171
-94.26419216102823
-103.0349936562431
-104.5962011830371
-100.11300293272207
-118.40788285713643
-118.75479669876175
-79.15004325513364
-100.26061222265879
-96.60983487584818
-97.39203590328249
-124.59278652460638
-235.22852988719995
-205.8290443294229
-210.3048258877557
-75.85373721444282
-212.34721213528357
-225.82903889347023
-176.38010920256576
-111.85474609489859
-109.73719555875924
-120.68876595432805
-127.14274687286786
-87.75026565341307
-104.70178656103737
-107.30558198876564
-124.5358376291707
-100.63227890755762
-101.21980067369265
-96.70712360742195
-98.9741094253789
-92.06421805159219
-89.81339806448159
-104.95032425826919
-93.56323427507111
-100.79774422960251
-94.70853960982433
-91.60280337240712
-89.15883674891589
-91.14341263640034
-119.47745813440818
-118.34620531712636
-98.95873418553782
-107.6630047328131
-82.82532676191649
-82.67407456672501
-107.26186542897265
-92.51139200501602
-79.72347571134536
-93.48642444507783
-107.77991677670279
-153.1717325684726
-116.78427814627047
-133.62600832794809
-96.36605710123125
-125.34596818645981
-139.82081093816024
-113.63269151821416
-106.68821115343864
-116.80954782718491
-103.36660580722699
-82.3519201350302
-115.11834778429719
-83.4514946003405
-132.847883535885
-119.80856124305255
-84.19621710773895
-90.60446886489417
-102.87724305065001
-97.68063940093526
-114.6656187576632
-123.00100317719219
-127.73008785837831
-107.65469604906605
-88.02673816029103
-97.84946760690826
-111.67984934077897
-99.12668767885447
-112.53571476980322
-189.5394121180648
-148.01857326021448
-118.13674769507976
-147.58317280688976
-131.3017613525467
-153.93968434725664
-158.32897878411714
-98.61677174324132
-121.38832525206014
-182.05845779687553
-106.2361986932487
-132.8970138196582
-138.26530093451782
-110.17205473905464
-107.96349950015275
-109.02806904519089
-134.01063441876443
-111.63768567627687
-172.96084092578084
-110.34909569743861
-126.8383438460811
-94.32581488755181
-103.93972404193462
-110.912327046975
-93.85810467142112
-113.44574648796319
-95.36725096673914
-105.28828218642794
-87.58702199726464
-120.1356753080312
-112.08975756012777
-90.31525102065905
-95.93042824811553
-95.9331443929602
-85.99889097588573
-142.74523332977296
-170.3820772167376
-104.84450887265933
-108.88950706165535
-96.53102358018245
-103.64195770973606
-97.48626328330586
-120.7406303061708
-103.71503824660823
-107.44694871851027
-157.05843984368457
-101.44849620349275
-119.07824291551398
-94.73355010830774
-93.47840529991278
-107.6391148457598
-101.09804151261993
-130.47838748667525
-116.7674659659522
-126.40253463573161
-127.05790330392102
-136.1502221081012
-103.79138213831821
-119.23802192998356
-92.55663463208346
-116.23119224158829
-97.13270143627061
-131.26482088026495
-95.17726287925029
-97.35400128581581
-109.00835739998811
-122.8811519355603
-114.06088767287848
-104.41166001411999
-99.2537281627693
-102.11809709133325
-89.0156754546613
-94.17245418395574
-101.52677132072736
-90.97570987548357
-91.44783884374439
-95.89438911370134
-100.22535051379514
-109.33182904792605
-134.29182854099673
-88.84831155057516
-115.86939623787553
-121.66584860886773
-101.85491400658974
-118.44580501445334
-91.32811389550055
-95.07659215204545
-102.03034268118229
-102.40449531058192
-205.12307526238126
-146.1560873378673
-118.80221708480465
-110.66921630936245
-110.84611110270438
-109.33253662677603
-110.52167677848975
-100.94856270686664
-118.39865063212558
-102.56317873778087
-135.95051791156646
-173.1189262252287
-149.6492526869843
-139.77867994084244
-125.45855667789623
-147.88119694356112
-125.64267889586851
-130.28307160274028
-157.78308279800936
-106.65746613535092
-131.8968895851661
-117.01566596755046
-113.43104142307982
-109.94099910283587
-118.70833923043736
-112.1166365559686
-144.55205415433036
-97.6381671055625
-128.96008047771173
-142.94231542950942
-166.06189289700254
-110.1401670400632
-182.4885208871859
-91.53270791191154
-98.45208988314506
-89.50682758022647
-87.15472586646607
-82.16511738144924
-86.2267347984174
-84.89104119972231
-83.18636035773055
-88.8519148360889
-91.85556017967103
-111.13604236357513
-82.37876740347413
-80.26913253049337
-87.27681379238629
-113.64938922271982
-79.08539484749437
-84.41781825391546
-89.45290114426825
-98.98311020396002
-97.79531121466673
-90.08724488932035
-85.83741985455497
-85.09955295100534
-82.8881674500739
-99.25773339512916
-99.74056036146352
-111.36957739809543
-91.11812026544932
-89.7942429255723
-112.59055345515175
-89.66553380942217
-90.80123230439271
-94.21954627172997
-93.68041428066252
-97.2229046971021
-85.76460098881266
-84.14737476183075
-116.39237102021004
-130.38280725190913
-133.0756517277337
-115.08508351550071
-109.20074761936532
-99.38907439261908
-104.8784824811298
-92.89194719640396
-100.24317652026471
-100.64800112354975
-85.13396755287621
-89.38996604814947
-129.31211441645075
-131.8431852481065
-193.28411777374816
-151.25385860916472
-168.6367685887846
-142.34709313625555
-162.1418152445807
-166.98317781757987
-171.0883635411567
-102.87444412857835
-100.86998206801631
-99.59530669046833
-97.04425166376973
-91.00400890477734
-91.45089830713411
-95.79963465001558
-102.45020563742493
-106.7326764091352
-159.4730140729373
-128.6738273631543
-112.73398120626516
-108.03807059480023
-120.75898189050011
-138.67681910424253
-117.56250093416806
-126.98060055897629
-118.0955153282152
-122.27399684001274
-102.60660041475026
-101.70983662087606
-95.98582440462998
-94.72031197199263
-111.78180940998027
-114.32796108340646
-119.93692728003165
-103.87328701726632
-98.3165401079345
-93.56284428236884
-101.16460081611643
-127.86974044431618
-108.5781923361329
-132.19442621691954
-119.15450124900504
-121.8484487554852
-114.09079472232173
-110.14934138424323
-112.66109940650043
-115.0610802211895
-114.4499779667365
-117.68313420323575
-108.57490540991003
-119.9564277370911
-108.04256677215943
-107.14593994406736
-115.30927955938884
-122.02401239436176
-108.56379249418278
-122.22759349429329
-110.05445427304392
-103.51168716318537
-105.03558576002241
-117.11896285972875
-112.18321753265037
-117.10014787969138
-114.66576730687349
-96.8908106398509
-112.37154501238068
-101.09811299929684
-111.14219412445391
-107.80388847757877
-108.2617866804621
-112.10278268600067
-93.71127257710515
-66.58701273845782
-81.95176701309485
-71.99947257327402
-96.76749823037487
-95.62066383574458
-98.28826520034349
-104.67197656051394
-120.97251206506361
-121.71893912119664
-116.35443168497629
-112.69670516098031
-100.64388257210297
-91.18416040954898
-122.10302467118483
-113.59598287462762
-99.25082642004874
-110.7580651276802
-98.48486271120353
-127.50879765550138
-130.71632048123837
-103.89485061579201
-116.97952714137286
-116.60186960315288
-110.29359011748049
-115.69104305815505
-106.86140140935458
-90.15314935375268
-133.10972784893454
-110.24393872741425
-120.25382131145565
-90.58766593826459
-89.33437148925279
-103.19462436094545
-90.01494071811393
-77.04377066369085
-93.66150637688742
-119.70306589940009
-70.5784875828645
-76.20114052872005
-65.52360661313882
-73.58225136632088
-79.47593080152069
-68.8086898228028
-84.71571116179128
-83.7612318444952
-99.16050900056833
-96.96398510144967
-91.6086438360978
-83.63827670544404
-83.83258851373878
-93.67641938629437
-108.05724026183873
-124.68220459091594
-156.18406387349734
-126.0748911532444
-114.7514460231293
-165.17405087058046
-93.49197076667848
-123.93468206003901
-86.98415454723157
-103.15627508260232
-99.85525423119115
-69.5956616775517
-83.8385764494763
-102.23678991978761
-153.177025165675
-81.21733955279268
-117.78759332244248
-119.70885964374948
-134.28572384306702
-93.76061350384141
-77.2465078102038
-89.11526480081774
-86.72281772853097
-93.661968892579
-98.4652647408128
-96.2644327480556
-92.51056477610504
-79.15659625539115
-81.25992431658
-71.65781555485754
-74.70543778570259
-91.00489604859652
-87.49314849488351
-118.7734933484715
-108.63879443349106
-118.12104993297699
-94.56108617353895
-104.38719389789561
-110.65510465056694
-85.90220165796804
-94.05213434340722
-82.99003971632571
-86.93629403950581
-92.06004884150764
-97.88060275995716
-110.62687231544453
-85.33713349677431
-92.74818412070485
-117.40858194513208
-119.99774894328036
-104.44378215083917
-94.10272899937154
-99.12057096678069
-99.7829992775156
-105.331462324599
-100.13608577055481
-104.19053103755547
-97.09228465752267
-108.83112325220395
-89.24449474230937
-89.53667187333974
-87.30176774169855
-91.90734693347437
-95.11979546128048
-103.81135365367939
-114.47352890029316
-94.52227206531893
-104.26421902976075
-76.43950870627252
-79.7174385455653
-98.65697861617659
-72.3019247779646
-74.14883396708731
-66.15550704386071
-64.37167165531716
-84.9517985529246
-92.92614542554507
-83.42548315798469
-90.61463252348874
-72.63597487132057
-77.87282510769803
-81.49136991468691
-105.32413958679524
-83.62249176624297
-91.87574452301472
-95.983585308067
-105.93173683976514
-112.79294456641719
-125.75911188900677
-116.04168992147999
-77.85933289639051
-113.45393961788507
-94.97219265778261
-117.39626165596329
-135.27551696736737
-83.81075977249384
-104.84624747268649
-109.15869119521119
-104.71862459694448
-136.42754701360832
-121.34597166660068
-116.17859276386126
-105.64531938378428
-119.9235023071124
-104.39296719683985
-90.13424305088147
-105.88605948371449
-95.05719502234797
-88.89381067825711
-110.21520721647217
-110.684035733905
-92.7801076802598
-113.52495590572782
-95.44154858752334
-124.1648183467101
-82.51428412966438
-95.43784550126905
-104.0786868858148
-116.17484547730828
-90.21416546729454
-111.21873938910234
-93.73884478135214
-93.12930293513521
-102.16634186360997
-91.13951197658032
-97.68845470461791
-90.52353920305363
-106.89986819330294
-116.01960244504039
-76.25440361875003
-97.19325675540254
-88.51731670216584
-102.3557109080231
-87.58665696251038
-98.01428432989837
-95.60356453801766
-80.97934371524288
-72.99751178934443
-63.433964588952186
-72.25285423142205
-79.26500872678906
-71.49901590180481
-76.31994386784841
-75.02427371370808
-94.7692741791574
-74.1640379670029
-83.026557011647
-98.84110680899154
-101.458662760777
-88.00620081927424
-75.04407410818102
-95.26818092864093
-77.62194716806276
-73.47724481722523
-79.81926267235563
-119.84377957291265
-89.28853850851932
-74.6801156868454
-116.02084933271806
-87.83346628721114
-80.36559815371776
-64.23990922505787
-75.86796671737945
-91.52765107710778
-88.43093425826697
-102.04729502129109
-136.54448496321453
-207.688909877927
-153.35569223762226
-122.89565331892453
-106.17586087753386
-83.41312058687325
-97.52669898834978
-129.40769437417566
-96.8467118021955
-99.54720960201404
-96.06932477198141
-93.79294655847652
-126.77267806307258
-110.2237736463131
-127.2541430324199
-87.874203566364
-188.62861618176646
-229.06332574201915
-171.69541756445994
-253.10761087477653
-233.69814643668832
-239.48775919730394
-251.013939573459
-228.93598605875454
-229.86786657434254
-224.86256571289573
-141.07927083413992
-117.49280519972378
-171.71333381113453
-150.17032646284375
-119.0815825381535
-134.1291948488556
-144.10611945118876
-143.61730544787457
-158.25312651846937
-148.8516555809598
-155.15705704060014
-122.64410574526973
-129.85166907797492
-130.19979972585676
-139.75410692775378
-137.81180991714575
-154.26901188832764
-144.72950000965164
-150.62586246333643
-133.80661129007
-160.50996824831105
-148.37613758104584
-167.5747126434866
-119.93971940922687
-132.0188618934259
-118.34924028022044
-117.14206919061158
-159.57343183938693
-177.85844969199132
-121.9743420885395
-105.08692408102291
-105.35001697427788
-96.48093417390433
-150.55314748447117
-122.90227008262298
-137.711703048192
-140.4089616083609
-105.97072487446967
-107.65568622624625
-143.34309866320658
-149.40163811602696
-137.10781198047073
-116.38494046935494
-124.10630639979406
-170.80818095089097
-142.66030591123908
-83.27774006998072
-93.23235336278285
-119.54687655024033
-88.76040066325069
-84.7831119291596
-97.05586931777837
-101.31123921518322
-118.30702676025298
-93.33695764284128
-137.2130735953202
-97.75767944761282
-88.39084592873832
-86.54720759200823
-106.35894070071777
-100.19332156842113
-75.80090819347458
-67.70043234695267
-64.01281850340004
-84.47079099668382
-72.61254407397799
-76.20036853785327
-69.42982026490802
-125.46793272711122
-72.09066799985433
-108.0745889856126
-135.1854607327645
-117.33406925704648
-90.41688136645746
-112.03384656976901
-88.31938478685089
-79.34654568806977
-84.1675407176722
-69.2770245968315
-100.91819040990512
-90.88046355820214
-67.35471550936737
-83.38709228890966
-79.46419216206051
-83.38862640971901
-158.03298655329345
-90.13572552048039
-90.31376123037761
-97.37200110263875
-89.0463093395388
-150.05062039519703
-101.3708467950346
-133.27025813652452
-113.09099574707655
-89.56656016045984
-121.07377429395626
-81.92064443160021
-41.79857148889935
-85.34641426004106
-89.68756481722988
-87.26654490442247
-113.49844722125015
-99.07818468351165
-91.03256069729686
-127.15424138421265
-142.52554337617386
-79.21283194028658
-70.73230183829278
-65.91988918394999
-81.1779096619796
-67.72387276580119
-87.79213415827266
-63.79586398618471
-63.52795319246844
-60.67573202687824
-81.61454948331713
-83.91950812133211
-61.94228671581831
-97.48098068050348
-82.1570100633485
-74.53316036952289
-114.04126028718674
-72.36884895323911
-86.27258563573703
-74.77639609774596
-87.05700625518367
-72.83715992658063
-84.58827099269685
-59.08526520215441
-89.5366958825564
-122.78826380435996
-109.36532953052344
-99.16949444863742
-120.91119575819887
-78.09178069891178
-113.99327957159984
-108.63554852511976
-108.91389747971195
-91.01388345238915
-112.97089499110011
-93.0356289424878
-100.35587171947404
-99.16064850714403
-57.35141416800432
-104.46980374418742
-79.16072661547712
-87.12243349503724
-86.56828117065251
-95.44722746811686
-89.06815456569194
-147.53625994397703
-94.93393280868277
-99.9966361853931
-124.65145336067651
-88.14051562556502
-96.92209626284051
-105.82131335183391
-106.67299060649947
-79.67491388942743
-96.92014788031747
-91.41079894926197
-95.9542343786675
-114.29230875118363
-97.17428514365659
-105.33181288998136
-78.27537118869172
-88.93201956526292
-76.57362728736366
-95.66553322608608
-87.89824422462472
-92.51847660180714
-83.48309325363573
-77.9529216890826
-68.39322205380998
-73.55006325086114
-71.3408413019107
-90.00416406519774
-89.88298963483103
-187.2643577339074
-107.9092226411783
-76.1680691245971
-98.86689232104284
-131.13157847672542
-116.77067234150569
-97.60996206267862
-90.1468042553899
-73.3862296703958
-81.04895563209713
-111.86554168660595
-75.33366169225903
-107.6779924101869
-67.63798498761281
-84.05947499191538
-154.59575346178582
-75.635218670793
-84.60918744811335
-146.4004318385447
-61.92961320093683
-74.22544137941472
-82.6434687219136
-79.53696110644213
-74.28620214523315
-65.01410901978237
-64.848548492802
-62.25274887444424
-66.39257973788953
-82.76392680032842
-131.290367153587
-74.92922730445645
-60.39664117298255
-97.97443539743797
-73.8073097729511
-72.10250550612037
-75.33235107114186
-86.44543333437642
-121.45902158281763
-106.00889482512748
-131.7961912569273
-127.36264922430331
-105.512483633729
-146.15953958318187
-111.69930936264191
-129.3239409836493
-130.03324715447718
-106.46890330473923
-98.99380239331924
-104.89030786585187
-93.87739050325327
-115.60535558703437
-114.59383401941697
-100.62104182737869
-96.4717920723838
-87.74085174005758
-86.69589213273292
-156.7872034911252
-82.90250097949477
-92.07116810247769
-102.5184577748347
-87.05836989588984
-93.61288039570248
-103.17206477898903
-103.37034555224483
-85.36821106052757
-121.11393988613217
-103.94855290187063
-81.6315171887487
-103.98096877968028
-102.80455885004139
-130.11234178158563
-100.95077151757772
-95.02805031076376
-85.81839823318056
-99.48773390095424
-101.72098016589278
-121.39467238237619
-101.30451599093843
-114.6405895783997
-75.68965622227512
-93.0408673950631
-97.28345473738952
-90.52175173777871
-98.09865145735728
-104.66445244339471
-107.71890632948339
-95.86668780197343
-117.71218380954576
-144.92726557170596
-144.23639518901743
-143.9247438439048
-130.1227127733022
-131.98185780439772
-129.42379449664605
-131.41404513879573
-111.36288556760029
-144.9523349911685
-111.7638463317256
-113.23299382084876
-116.81853741483513
-119.59868788135087
-115.20362254239622
-109.23270889503934
-117.11646909849021
-117.62962941691403
-120.73993171220276
-121.00156206489054
-120.94821233088545
-130.65018898656072
-121.81785713489265
-149.63244861855682
-126.6481198540249
-130.31871078301424
-120.75149488889016
-129.27138911640375
-127.80118688887008
-125.50303941509976
-134.17148364128607
-128.77108832662736
-135.8724837495704
-125.62168790981879
-130.86022363874142
-126.55668085022823
-121.33597427815313
-126.08707047981787
-124.05936233047905
-121.45680220516934
-125.20056255643213
-121.48774104370882
-133.99096799521828
-128.4572754854977
-126.68574738560123
-124.23900485543211
-123.17831982388037
-131.7942560904979
-131.00118417791217
-130.26934845844252
-129.7331759254556
-118.91995427358145
-122.51664929089631
-125.25003168241973
-130.3387215606724
-125.93685534380603
-123.52457912467762
-125.27609539360644
-120.55610556478781
-126.38854040058798
-128.47977434633793
-120.64820701225891
-117.16496256391278
-112.48302991579918
-119.19603474374573
-115.83987440406823
-119.67943645226545
-120.22344963565547
-123.88468484905468
-119.52376436940258
-123.11345699914101
-122.97266740256508
-125.56782304858046
-124.62337774713993
-128.25525613973502
-122.8421252222695
-126.48390204858278
-128.48215588449878
-125.58792001081369
-126.80890608189651
-125.06777058294844
-129.49405973710643
-121.50659616839538
-122.59026761356284
-124.62802062507228
-124.67167892134478
-125.84026613911068
-117.41975882397831
-124.86050043403084
-127.63222612823513
-125.31047714967451
-124.61401010168285
-123.29154330664025
-119.86174172265599
-120.62449911530078
-119.67832853451878
-120.10097174765099
-126.48963991568225
-118.45884946348804
-117.82236673578875
-121.33774958280806
-122.58814179502761
-123.33882954631856
-125.69312453197387
-122.97217533491498
-116.48695931824834
-114.52831842268183
-115.26120452871106
-115.62991264723495
-122.74585278402802
-114.16084002641097
-106.86111570777588
-108.22277097431622
-112.52001791260416
-112.899676759543
-104.63067175029802
